function [rho_carbondioxide, mu_carbondioxide, k_carbondioxide, C_carbondioxide] = carbondioxide(T_carbondioxide)
%CoolProp CO2 properties at 1.15 bara

properties = [...
290	2.14043416458825	1.45246295443268e-05	0.0160195357698005	844.196763934924
300	2.06767820747053	1.50046454675511e-05	0.0167828229431323	853.653960189285
310	1.99979657758113	1.54819717752559e-05	0.0175538041984166	863.067136931294
320	1.93630345686705	1.59564579189455e-05	0.0183316830089891	872.399278666288
330	1.87677741871022	1.64279699894106e-05	0.0191157238027321	881.624783768704
340	1.82085075571705	1.68963904354996e-05	0.0199052460647189	890.724087950423
350	1.76820092520510	1.73616174838262e-05	0.0206996193302685	899.683117759923
360	1.71854362820580	1.78235643668165e-05	0.0214982588679492	908.492627268470
370	1.67162716323133	1.82821584350116e-05	0.0223006219085077	917.146855999484
380	1.62722777964374	1.87373402073839e-05	0.0231062043136862	925.642568905000
390	1.58514582338250	1.91890623977264e-05	0.0239145376056330	933.978440443718
400	1.54520251768972	1.96372889439170e-05	0.0247251862966103	942.154593099990
410	1.50723725722585	2.00819940586912e-05	0.0255377454720240	950.172232595670
420	1.47110532045499	2.05231613146082e-05	0.0263518385885612	958.033361115216
430	1.43667592522484	2.09607827715295e-05	0.0271671154523714	965.740553346237
440	1.40383056779714	2.13948581517349e-05	0.0279832503284335	973.296782074768
450	1.37246159741396	2.18253940654540e-05	0.0287999399795532	980.705282744255
460	1.34247098769334	2.22524032878806e-05	0.0296169021068507	987.969448741359
470	1.31376927337556	2.26759040874996e-05	0.0304338825384292	995.092750997267
480	1.28627462665876	2.30959196046679e-05	0.0312506322699541	1002.07867687901
490	1.25991205191919	2.35124772787767e-05	0.0320669255450244	1008.93068440228
500	1.23461268126629	2.39256083219003e-05	0.0328825527360505	1015.65216861086
510	1.21031315633395	2.43353472365729e-05	0.0336973192788735	1022.24643760000
520	1.18695508410569	2.47417313751789e-05	0.0345110446817408	1028.71669615782
530	1.16448455652889	2.51448005383768e-05	0.0353235616027427	1035.06603539134
540	1.14285172527928	2.55445966099648e-05	0.0361347149904077	1041.29742701798
550	1.12201042436293	2.59411632256443e-05	0.0369443612826663	1047.41372125564
560	1.10191783434051	2.63345454732022e-05	0.0377523676598323	1053.41764744865
570	1.08253418287372	2.67247896217334e-05	0.0385586113476409	1059.31181673344
580	1.06382247705731	2.71119428776346e-05	0.0393629789667180	1065.09872618332
590	1.04574826364209	2.74960531652199e-05	0.0401653659251632	1070.78076398335
600	1.02827941379392	2.78771689299351e-05	0.0409656758511914	1076.36021527758
610	1.01138592949088	2.82553389622736e-05	0.0417638200630260	1081.83926840595
620	0.995039769047747	2.86306122406233e-05	0.0425597170734522	1087.22002130991
630	0.979214689586908	2.90030377913972e-05	0.0433532921266367	1092.50448793651
640	0.963886104555907	2.93726645649185e-05	0.0441444767650005	1097.69460451174
650	0.949030954633006	2.97395413256470e-05	0.0449332084240967	1102.79223558789
660	0.934627590568885	3.01037165554406e-05	0.0457194300535942	1107.79917979700
670	0.920655666690747	3.04652383686491e-05	0.0465030897626051	1112.71717526430
680	0.907096043948907	3.08241544379344e-05	0.0472841404877249	1117.54790465333
690	0.893930701518971	3.11805119298021e-05	0.0480625396822630	1122.29299982831
700	0.881142656088206	3.15343574489116e-05	0.0488382490252577	1126.95404613016
710	0.868715888055109	3.18857369903140e-05	0.0496112341489621	1131.53258627099
720	0.856635273958675	3.22346958988382e-05	0.0503814643835824	1136.03012385826
730	0.844886524530361	3.25812788349111e-05	0.0511489125181331	1140.44812656419
740	0.833456127828606	3.29255297461661e-05	0.0519135545763548	1144.78802895963
750	0.822331296974510	3.32674918442435e-05	0.0526753696067090	1149.05123503328
760	0.811499922058846	3.36072075862476e-05	0.0534343394855356	1153.23912041878
770	0.800950525836029	3.39447186603674e-05	0.0541904487325188	1157.35303435250
780	0.790672222860709	3.42800659752160e-05	0.0549436843376660	1161.39430138499
790	0.780654681758127	3.46132896524843e-05	0.0556940355990585	1165.36422286841
800	0.770888090350697	3.49444290225411e-05	0.0564414939706819	1169.26407824188
810	0.761363123391103	3.52735226226463e-05	0.0571860529196917	1173.09512613538
820	0.752070912676922	3.56006081974767e-05	0.0579277077925115	1176.85860531173
830	0.743003019343729	3.59257227016901e-05	0.0586664556892029	1180.55573546535
840	0.734151408153283	3.62489023042812e-05	0.0594022953455821	1184.18771789454
850	0.725508423610814	3.65701823945065e-05	0.0601352270225943	1187.75573606341
860	0.717066767761110	3.68895975891765e-05	0.0608652524024876	1191.26095606768
870	0.708819479527063	3.72071817411342e-05	0.0615923744913607	1194.70452701774
880	0.700759915466853	3.75229679487549e-05	0.0623165975276836	1198.08758135100
890	0.692881731837241	3.78369885663215e-05	0.0630379268964204	1201.41123508413
900	0.685178867860518	3.81492752151428e-05	0.0637563690484032	1204.67658801514
910	0.677645530101756	3.84598587952942e-05	0.0644719314246330	1207.88472388382
920	0.670276177871233	3.87687694978771e-05	0.0651846223852021	1211.03671049829
930	0.663065509574265	3.90760368176988e-05	0.0658944511425513	1214.13359983444
940	0.656008449937378	3.93816895662891e-05	0.0666014276987986	1217.17642811418
950	0.649100138045776	3.96857558851769e-05	0.0673055627868853	1220.16621586785
960	0.642335916132549	3.99882632593592e-05	0.0680068678153092	1223.10396798511
970	0.635711319064999	4.02892385309017e-05	0.0687053548162245	1225.99067375833
980	0.629222064477955	4.05887079126172e-05	0.0694010363967029	1228.82730692180
990	0.622864043508067	4.08866970017756e-05	0.0700939256929658	1231.61482568950
1000	0.616633312086715	4.11832307938016e-05	0.0707840363274055	1234.35417279386
1010	0.610526082752619	4.14783336959249e-05	0.0714713823682290	1237.04627552740
1020	0.604538716948254	4.17720295407499e-05	0.0721559782915641	1239.69204578891
1030	0.598667717767013	4.20643415997168e-05	0.0728378389458820	1242.29238013537
1040	0.592909723120618	4.23552925964287e-05	0.0735169795185961	1244.84815984067
1050	0.587261499298600	4.26449047198245e-05	0.0741934155047069	1247.36025096181
1060	0.581719934893832	4.29331996371791e-05	0.0748671626773711	1249.82950441316
1070	0.576282035070044	4.32201985069146e-05	0.0755382370602807	1252.25675604915
1080	0.570944916149045	4.35059219912099e-05	0.0762066549017431	1254.64282675550
1090	0.565705800497021	4.37903902683974e-05	0.0768724326503630	1256.98852254911
1100	0.560562011690790	4.40736230451380e-05	0.0775355869322298	1259.29463468655
1110	0.555510969946275	4.43556395683662e-05	0.0781961345295225	1261.56193978095
1120	0.550550187792744	4.46364586370005e-05	0.0788540923604475	1263.79119992713
1130	0.545677265977512	4.49160986134142e-05	0.0795094774604323	1265.98316283457
1140	0.540889889586906	4.51945774346626e-05	0.0801623069644992	1268.13856196795
1150	0.536185824370268	4.54719126234661e-05	0.0808125980907516	1270.25811669484
1160	0.531562913254700	4.57481212989460e-05	0.0814603681249067	1272.34253244012
1170	0.527019073039091	4.60232201871143e-05	0.0821056344058129	1274.39250084663
1180	0.522552291256752	4.62972256311173e-05	0.0827484143118962	1276.40869994171
1190	0.518160623196703	4.65701536012342e-05	0.0833887252484785	1278.39179430903
1200	0.513842189074319	4.68420197046313e-05	0.0840265846359200	1280.34243526531
1210	0.509595171342680	4.71128391948764e-05	0.0846620098985349	1282.26126104144
1220	0.505417812136499	4.73826269812130e-05	0.0852950184542374	1284.14889696752
1230	0.501308410841078	4.76513976375999e-05	0.0859256277048744	1286.00595566138
1240	0.497265321779203	4.79191654115176e-05	0.0865538550272050	1287.83303722013
1250	0.493286952009355	4.81859442325466e-05	0.0871797177644904	1289.63072941430
