function [H_hydrogen, mu_hydrogen, k_hydrogen, C_hydrogen] = hydrogen(T_hydrogen)
%CoolProp hydrogen properties at 2.5 bara
properties = [...
280	3673363.95683240	8.52287088447210e-06	0.177122783329385	14236.4788229689
290	3815951.12216698	8.73219988656308e-06	0.182061441807219	14279.8499954022
300	3958940.21793407	8.93930488775273e-06	0.186902886293277	14316.9970780135
310	4102272.84789793	9.14429807919485e-06	0.191653791439247	14348.6770974772
320	4245897.83559873	9.34728225223654e-06	0.196320491000678	14375.5776510043
330	4389770.55013182	9.54835184618019e-06	0.200908958604976	14398.3209222350
340	4533852.27211220	9.74759385258000e-06	0.205424803869972	14417.4677016860
350	4678109.59984449	9.94508859913541e-06	0.209873278629790	14433.5214060083
360	4822513.89563063	1.01409104320190e-05	0.214259289570697	14446.9320834721
370	4967040.77198043	1.03351283121144e-05	0.218587414697416	14458.1003849987
380	5111669.61725055	1.05278063379487e-05	0.222861921851873	14467.3814740426
390	5256383.15995355	1.07190042059356e-05	0.227086788076952	14475.0888457004
400	5401167.07068026	1.09087776167876e-05	0.231265719021474	14481.4980254704
410	5546009.60029319	1.10971786355245e-05	0.235402167866130	14486.8501204654
420	5690901.25279559	1.12842560113338e-05	0.239499353447881	14491.3551998503
430	5835834.49107232	1.14700554625699e-05	0.243560277396952	14495.1954861174
440	5980803.47354034	1.16546199313851e-05	0.247587740193861	14498.5283439738
450	6125803.81964008	1.18379898118193e-05	0.251584356116661	14501.4890586585
460	6270832.40204062	1.20202031546215e-05	0.255552567089764	14504.1934001569
470	6415887.16341719	1.22012958516161e-05	0.259494655471958	14506.7399738716
480	6560966.95568326	1.23813018020326e-05	0.263412755836951	14509.2123617500
490	6706071.39961326	1.25602530628918e-05	0.267308865808436	14511.6810606586
500	6851200.76287200	1.27381799852611e-05	0.271184856015394	14514.2052269462
510	6996355.85456387	1.29151113379545e-05	0.275042479233921	14516.8342377174
520	7141537.93452630	1.30910744200512e-05	0.278883378780259	14519.6090804041
530	7286748.63571123	1.32660951634338e-05	0.282709096216891	14522.5635828565
540	7431989.89812203	1.34401982263972e-05	0.286521078429933	14525.7254964429
550	7577263.91289858	1.36134070792550e-05	0.290320684132073	14529.1174446279
560	7722573.07526647	1.37857440827548e-05	0.294109189841195	14532.7577492421
570	7867919.94518676	1.39572305600229e-05	0.297887795380789	14536.6611462294
580	8013307.21465760	1.41278868626736e-05	0.301657628944291	14540.8394021013
590	8158737.68072831	1.42977324316476e-05	0.305419751761827	14545.3018416804
600	8304214.22338887	1.44667858532787e-05	0.309175162404354	14550.0557970178
610	8449739.78759284	1.46350649110370e-05	0.312924800756989	14555.1069866351
620	8595317.36875972	1.48025866333446e-05	0.316669551690391	14560.4598335094
630	8740950.00118320	1.49693673378203e-05	0.320410248456365	14566.1177294839
640	8886640.74884501	1.51354226722710e-05	0.324147675831395	14572.0832530839
650	9032392.69820042	1.53007676527166e-05	0.327882573029623	14578.3583470330
660	9178208.95256133	1.54654166987029e-05	0.331615636404770	14584.9444611259
670	9324092.62775601	1.56293836661353e-05	0.335347521958664	14591.8426655057
680	9470046.84879265	1.57926818778406e-05	0.339078847672422	14599.0537388345
690	9616074.74729583	1.59553241520445e-05	0.342810195674838	14606.5782353270
700	9762179.45952235	1.61173228289359e-05	0.346542114261204	14614.4165341404
710	9908364.12479564	1.62786897954702e-05	0.350275119774576	14622.5688741792
720	10054631.8842266	1.64394365085528e-05	0.354009698360429	14631.0353769819
730	10200985.8796135	1.65995740167287e-05	0.357746307604635	14639.8160599986
740	10347429.2524349	1.67591129804930e-05	0.361485378063850	14648.9108422518
750	10493965.1428686	1.69180636913288e-05	0.365227314696571	14658.3195440866
760	10640596.6887842	1.70764360895659e-05	0.368972498202418	14668.0418824614
770	10787327.0246719	1.72342397811502e-05	0.372721286276529	14678.0774630077
780	10934159.2804802	1.73914840534012e-05	0.376474014785386	14688.4257698864
790	11081096.5803442	1.75481778898330e-05	0.380230998869834	14699.0861542967
800	11228142.0411957	1.77043299841030e-05	0.383992533980595	14710.0578223379
810	11375298.7712511	1.78599487531530e-05	0.387758896851117	14721.3398227938
820	11522569.8683784	1.80150423495954e-05	0.391530346412210	14732.9310352943
830	11669958.4183496	1.81696186733996e-05	0.395307124652573	14744.8301592095
840	11817467.4929862	1.83236853829241e-05	0.399089457428953	14757.0357035455
850	11965100.1482107	1.84772499053388e-05	0.402877555229415	14769.5459780416
860	12112859.4220143	1.86303194464787e-05	0.406671613892902	14782.3590856047
870	12260748.3323570	1.87829010001653e-05	0.410471815288031	14795.4729161665
880	12408769.8750131	1.89350013570304e-05	0.414278327953837	14808.8851420078
890	12556927.0213776	1.90866271128748e-05	0.418091307704970	14822.5932145567
900	12705222.7162475	1.92377846765912e-05	0.421910898203663	14836.5943626406
910	12853659.8755931	1.93884802776779e-05	0.425737231500616	14850.8855921483
920	13002241.3843328	1.95387199733698e-05	0.429570428546779	14865.4636870427
930	13150970.0941237	1.96885096554091e-05	0.433410599677872	14880.3252116460
940	13299848.8211821	1.98378550564789e-05	0.437257845073353	14895.4665141169
950	13448880.3441437	1.99867617563181e-05	0.441112255191411	14910.8837310234
960	13598067.4019747	2.01352351875388e-05	0.444973911181460	14926.5727929191
970	13747412.6919435	2.02832806411612e-05	0.448842885275492	14942.5294308221
980	13896918.8676609	2.04309032718849e-05	0.452719241159574	14958.7491834977
990	14046588.5371972	2.05781081031100e-05	0.456603034326662	14975.2274054493
1000	14196424.2612821	2.07249000317228e-05	0.460494312411833	14991.9592755191
1010	14346428.5515931	2.08712838326603e-05	0.464393115510977	15008.9398060076
1020	14496603.8691377	2.10172641632636e-05	0.468299476483890	15026.1638522236
1030	14646952.6227326	2.11628455674351e-05	0.472213421242675	15043.6261223798
1040	14797477.1675834	2.13080324796071e-05	0.476134969026280	15061.3211877545
1050	14948179.8039670	2.14528292285342e-05	0.480064132661963	15079.2434930465
1060	15099062.7760178	2.15972400409178e-05	0.484000918814401	15097.3873668517
1070	15250128.2706197	2.17412690448726e-05	0.487945328223142	15115.7470322010
1080	15401378.4164030	2.18849202732423e-05	0.491897355929029	15134.3166170973
1090	15552815.2828466	2.20281976667731e-05	0.495856991490202	15153.0901650018
1100	15704440.8794846	2.21711050771527e-05	0.499824219188236	15172.0616452191
1110	15856257.1552160	2.23136462699212e-05	0.503799018224949	15191.2249631386
1120	16008265.9977163	2.24558249272594e-05	0.507781362910368	15210.5739702942
1130	16160469.2329482	2.25976446506636e-05	0.511771222842322	15230.1024742075
1140	16312868.6247695	2.27391089635090e-05	0.515768563078100	15249.8042479858
1150	16465465.8746360	2.28802213135099e-05	0.519773344298583	15269.6730396478
1160	16618262.6213961	2.30209850750809e-05	0.523785522965233	15289.7025811565
1170	16771260.4411739	2.31614035516030e-05	0.527805051470310	15309.8865971405
1180	16924460.8473384	2.33014799776009e-05	0.531831878280656	15330.2188132887
1190	17077865.2905544	2.34412175208344e-05	0.535865948075360	15350.6929644056
1200	17231475.1589125	2.35806192843087e-05	0.539907201877632	15371.3028021200
1210	17385291.7781347	2.37196883082066e-05	0.543955577181136	15392.0421022379
1220	17539316.4118510	2.38584275717479e-05	0.548011008071094	15412.9046717376
1230	17693550.2619451	2.39968399949768e-05	0.552073425340376	15433.8843554030
1240	17847994.4689636	2.41349284404836e-05	0.556142756600853	15454.9750420969
1250	18002650.1125871	2.42726957150610e-05	0.560218926390210	15476.1706706729
1260	18157518.2121579	2.44101445712997e-05	0.564301856274460	15497.4652355316
1270	18312599.7272619	2.45472777091251e-05	0.568391464946341	15518.8527918243
