function [rho_hydrogen, mu_hydrogen, k_hydrogen, C_hydrogen] = hydrogen(T_hydrogen)
%CoolProp hydrogen properties at 1.15 bara
properties = [...
290	0.0973519891654150	8.73135549382380e-06	0.181873849274895	14275.7894336093
300	0.0941082033164149	8.93855025171478e-06	0.186719564586983	14313.2405046414
310	0.0910736902060488	9.14362585025943e-06	0.191474466260389	14345.1942682774
320	0.0882288235083201	9.34668586520307e-06	0.196144913686707	14372.3421548812
330	0.0855563575449204	9.54782541760582e-06	0.200736903027506	14395.3095937750
340	0.0830410768226058	9.74713209388844e-06	0.205256063788806	14414.6601385581
350	0.0806695057317286	9.94468674272706e-06	0.209707665424655	14430.8995700093
360	0.0784296666885729	1.01405641681674e-05	0.214096630287712	14444.4799687638
370	0.0763108775425007	1.03348337348543e-05	0.218427550359255	14455.8037406868
380	0.0743035810047801	1.05275598984944e-05	0.222704705989988	14465.2275709809
390	0.0723992003441811	1.07188026724318e-05	0.226932085451716	14473.0662795039
400	0.0705900167471706	1.09086180394104e-05	0.231113404502057	14479.5965493395
410	0.0688690646397939	1.10970583161174e-05	0.235252125446757	14485.0605026850
420	0.0672300419745744	1.12841724769052e-05	0.239351475381003	14489.6691018151
430	0.0656672330439691	1.14700064420890e-05	0.243414463427031	14493.6053575140
440	0.0641754418257760	1.16546033354057e-05	0.247443896878061	14497.0273323676
450	0.0627499342208649	1.18380037145360e-05	0.251442396220873	14500.0709312278
460	0.0613863878290370	1.20202457780256e-05	0.255412409050159	14502.8524757113
470	0.0600808481395334	1.22013655514682e-05	0.259356222913697	14505.4710636121
480	0.0588296902001190	1.23813970554130e-05	0.263275977142929	14508.0107174875
490	0.0576295849816215	1.25603724571249e-05	0.267173673731943	14510.5423294169
500	0.0564774697801971	1.27383222080386e-05	0.271051187331426	14513.1254110517
510	0.0553705221028411	1.29152751685089e-05	0.274910274424599	14515.8096596157
520	0.0543061365670211	1.30912587212506e-05	0.278752581750438	14518.6363515646
530	0.0532819044161666	1.32662988746871e-05	0.282579654036534	14521.6395762207
540	0.0522955953117828	1.34404203572749e-05	0.286392941100289	14524.8473219559
550	0.0513451411123280	1.36136467037407e-05	0.290193804373064	14528.2824274564
560	0.0504286213904223	1.37860003340570e-05	0.293983522897743	14531.9634103428
570	0.0495442504748390	1.39575026258838e-05	0.297763298846098	14535.9051849769
580	0.0486903658331975	1.41281739811195e-05	0.301534262598323	14540.1196807254
590	0.0478654176362507	1.42980338871331e-05	0.305297477423441	14544.6163712977
600	0.0470679593658750	1.44671009731829e-05	0.309053943795735	14549.4027250692
610	0.0462966393469705	1.46353930624744e-05	0.312804603379168	14554.4845855688
620	0.0455501930989326	1.48029272202575e-05	0.316550342708781	14559.8664905666
630	0.0448274364156173	1.49697197983251e-05	0.320291996595358	14565.5519374647
640	0.0441272590941041	1.51357864762319e-05	0.324030351277175	14571.5436019850
650	0.0434486192423766	1.53011422995241e-05	0.327766147340444	14577.8435164644
660	0.0427905381045109	1.54658017152382e-05	0.331500082428011	14584.4532134211
670	0.0421520953492958	1.56297786049010e-05	0.335232813754058	14591.3738394547
680	0.0415324247745745	1.57930863152436e-05	0.338964960440924	14598.6062439739
690	0.0409307103851271	1.59557376868154e-05	0.342697105692630	14606.1510467313
700	0.0403461828067373	1.61177450806732e-05	0.346429798818407	14614.0086876630
710	0.0397781160032951	1.62791204032977e-05	0.350163557118271	14622.1794620994
720	0.0392258242674716	1.64398751298800e-05	0.353898867641616	14630.6635440180
730	0.0386886594587316	1.66000203261045e-05	0.357636188828829	14639.4609996514
740	0.0381660084652858	1.67595666685457e-05	0.361375952045001	14648.5717934479
750	0.0376572908690802	1.69185244637838e-05	0.365118563014052	14657.9957880923
760	0.0371619567951219	1.70769036663352e-05	0.368864403160834	14667.7327400430
770	0.0366794849283824	1.72347138954872e-05	0.372613830868134	14677.7822918150
780	0.0362093806832401	1.73919644511157e-05	0.376367182654899	14688.1439620403
790	0.0357511745119440	1.75486643285609e-05	0.380124774281483	14698.8171341611
800	0.0353044203399357	1.77048222326273e-05	0.383886901787211	14709.8010444609
810	0.0348686941170664	1.78604465907705e-05	0.387653842465135	14721.0947700033
820	0.0344435924748143	1.80155455655268e-05	0.391425855778435	14732.6972169344
830	0.0340287314805648	1.81701270662391e-05	0.395203184222580	14744.6071095059
840	0.0336237454808625	1.83241987601249e-05	0.398986054137010	14756.8229800891
850	0.0332282860263109	1.84777680827330e-05	0.402774676469820	14769.3431603804
860	0.0328420208714716	1.86308422478277e-05	0.406569247498632	14782.1657739351
870	0.0324646330437309	1.87834282567389e-05	0.410369949510620	14795.2887301166
880	0.0320958199756467	1.89355329072128e-05	0.414176951444390	14808.7097195040
890	0.0317352926957832	1.90871628017954e-05	0.417990409496244	14822.4262107682
900	0.0313827750734851	1.92383243557777e-05	0.421810467693142	14836.4354489950
910	0.0310380031134419	1.93890238047312e-05	0.425637258434514	14850.7344554136
920	0.0307007242962545	1.95392672116582e-05	0.429470903004910	14865.3200284690
930	0.0303706969615409	1.96890604737812e-05	0.433311512059330	14880.1887461649
940	0.0300476897304143	1.98384093289932e-05	0.437159186082957	14895.3369695911
950	0.0297314809644329	1.99873193619889e-05	0.441014015826859	14910.7608475459
960	0.0294218582583604	2.01357960100961e-05	0.444876082721147	14926.4563221559
970	0.0291186179642999	2.02838445688256e-05	0.448745459266965	14942.4191353966
980	0.0288215647449582	2.04314701971544e-05	0.452622209408563	14958.6448364138
990	0.0285305111539827	2.05786779225589e-05	0.456506388886672	14975.1287895495
1000	0.0282452772414742	2.07254726458127e-05	0.460398045574254	14991.8661829755
1010	0.0279656901829330	2.08718591455601e-05	0.464297219795681	15008.8520378447
1020	0.0276915839300277	2.10178420826813e-05	0.468203944630287	15026.0812178688
1030	0.0274227988817068	2.11634260044568e-05	0.472118246201205	15043.5484392406
1040	0.0271591815742804	2.13086153485459e-05	0.476040143950314	15061.2482808210
1050	0.0269005843892111	2.14534144467869e-05	0.479969650900085	15079.1751945168
1060	0.0266468652774419	2.15978275288290e-05	0.483906773903058	15097.3235157790
1070	0.0263978874991804	2.17418587256060e-05	0.487851513879634	15115.6874741606
1080	0.0261535193781389	2.18855120726586e-05	0.491803866044821	15134.2612038731
1090	0.0259136340692987	2.20287915133146e-05	0.495763820124548	15153.0387542899
1100	0.0256781093393422	2.21717009017334e-05	0.499731360562088	15172.0141003480
1110	0.0254468273589512	2.23142440058222e-05	0.503706466715140	15191.1811528048
1120	0.0252196745062301	2.24564245100304e-05	0.507689113044056	15210.5337683128
1130	0.0249965411805662	2.25982460180284e-05	0.511679269291679	15230.0657592756
1140	0.0247773216262858	2.27397120552762e-05	0.515676900655233	15249.7709034591
1150	0.0245619137655084	2.28808260714879e-05	0.519681967950675	15269.6429533290
1160	0.0243502190396466	2.30215914429968e-05	0.523694427769893	15289.6756450950
1170	0.0241421422590325	2.31620114750256e-05	0.527714232631125	15309.8627074425
1180	0.0239375914601888	2.33020894038673e-05	0.531741331122924	15330.1978699370
1190	0.0237364777702965	2.34418283989801e-05	0.535775668042011	15350.6748710896
1200	0.0235387152784370	2.35812315650009e-05	0.539817184525308	15371.2874660729
1210	0.0233442209132190	2.37203019436809e-05	0.543865818176444	15392.0294340838
1220	0.0231529143264228	2.38590425157474e-05	0.547921503187003	15412.8945853452
1230	0.0229647177823190	2.39974562026945e-05	0.551984170452768	15433.8767677473
1240	0.0227795560523430	2.41355458685071e-05	0.556053747685203	15454.9698731270
1250	0.0225973563148240	2.42733143213199e-05	0.560130159518412	15476.1678431872
