function [rho_methane, mu_methane, k_methane, C_methane] = methane(T_methane)
%CoolProp methane properties at 1.15 bara

properties = [...
290	0.777013435173747	1.09381182955814e-05	0.0330274143091115	2214.80188644815
300	0.750919240421770	1.12569685363874e-05	0.0344052137522841	2236.75359473272
310	0.726530788570628	1.15719328725498e-05	0.0358157619140957	2260.48441497374
320	0.703685085929801	1.18831712089491e-05	0.0372598067513500	2285.88046249125
330	0.682239399518653	1.21908317211920e-05	0.0387377531037364	2312.82145092507
340	0.662068182620421	1.24950521487373e-05	0.0402496989021850	2341.18379637996
350	0.643060547552078	1.27959608920244e-05	0.0417954744960286	2370.84329218918
360	0.625118174494407	1.30936779516336e-05	0.0433746826600293	2401.67732968385
370	0.608153570486213	1.33883157386237e-05	0.0449867374910346	2433.56667393680
380	0.592088611621183	1.36799797786915e-05	0.0466309009493946	2466.39682505762
390	0.576853315820000	1.39687693279693e-05	0.0483063162465488	2500.05900817991
400	0.562384804501295	1.42547779146424e-05	0.0500120376343381	2534.45084123514
410	0.548626419912853	1.45380938177929e-05	0.0517470564233103	2569.47673091544
420	0.535526971437738	1.48188004927405e-05	0.0535103232577316	2605.04804542927
430	0.523040089317386	1.50969769504787e-05	0.0553007668159118	2641.08310892517
440	0.511123668273703	1.53726980974876e-05	0.0571173091970500	2677.50705766478
450	0.499739386716155	1.56460350411579e-05	0.0589588783104024	2714.25159278871
460	0.488852289776625	1.59170553652176e-05	0.0608244176082257	2751.25465926028
470	0.478430426467022	1.61858233788689e-05	0.0627128935082676	2788.46007556997
480	0.468444532911003	1.64524003427876e-05	0.0646233008408970	2825.81713420137
490	0.458867754945046	1.67168446746771e-05	0.0665546666352229	2863.28018878259
500	0.449675404479870	1.69792121366900e-05	0.0685060525317709	2900.80824030529
510	0.440844744910956	1.72395560067123e-05	0.0704765560792854	2938.36453177744
520	0.432354801605655	1.74979272352430e-05	0.0724653111422932	2975.91615815491
530	0.424186194104964	1.77543745893725e-05	0.0744714876156325	3013.43369632570
540	0.416320987184796	1.80089447851791e-05	0.0764942906133347	3050.89085824757
550	0.408742558343687	1.82616826096974e-05	0.0785329592725892	3088.26416901246
560	0.401435479636971	1.85126310334754e-05	0.0805867652894795	3125.53267057828
570	0.394385412073741	1.87618313146176e-05	0.0826550112817905	3162.67765112283
580	0.387579011042472	1.90093230951105e-05	0.0847370290555254	3199.68239939256
590	0.381003841442021	1.92551444901348e-05	0.0868321778356303	3236.53198300384
600	0.374648301373510	1.94993321709947e-05	0.0889398425077712	3273.21304937201
610	0.368501553400503	1.97419214422261e-05	0.0910594319064228	3309.71364776758
620	0.362553462514570	1.99829463133847e-05	0.0931903771749911	3346.02307090466
630	0.356794540054108	2.02224395659670e-05	0.0953321302158299	3382.13171443549
640	0.351215892919360	2.04604328158677e-05	0.0974841622416435	3418.03095274064
650	0.345809177508308	2.06969565717409e-05	0.0996459624347111	3453.71302945400
660	0.340566557868529	2.09320402895922e-05	0.101817036716368	3489.17096123489
670	0.335480667621002	2.11657124239027e-05	0.103996906626116	3524.39845338853
680	0.330544575264565	2.13980004755524e-05	0.106185108307468	3559.38982603416
690	0.325751752515514	2.16289310367906e-05	0.108381191595880	3594.13994962245
700	0.321096045376640	2.18585298334746e-05	0.110584719203056	3628.64418870694
710	0.316571647664751	2.20868217647803e-05	0.112795265991081	3662.89835297546
720	0.312173076756079	2.23138309405695e-05	0.115012418329448	3696.89865464487
730	0.307895151335522	2.25395807165842e-05	0.117235773527884	3730.64167141454
740	0.303732970958996	2.27640937276201e-05	0.119464939337878	3764.12431426037
750	0.299681897258677	2.29873919188241e-05	0.121699533515982	3797.34379943105
760	0.295737536638927	2.32094965752423e-05	0.123939183442294	3830.29762408162
770	0.291895724326638	2.34304283497408e-05	0.126183525787800	3862.98354504625
780	0.288152509653791	2.36502072894066e-05	0.128432206224726	3895.39956031287
790	0.284504142462480	2.38688528605315e-05	0.130684879174436	3927.54389281656
800	0.280947060533688	2.40863839722698e-05	0.132941207587879	3959.41497621776
810	0.277477877950908	2.43028189990579e-05	0.135200862754011	3991.01144237483
820	0.274093374318441	2.45181758018731e-05	0.137463524132091	4022.33211025905
830	0.270790484761951	2.47324717484064e-05	0.139728879204088	4053.37597609470
840	0.267566290645802	2.49457237322158e-05	0.141996623343929	4084.14220453681
850	0.264418010947901	2.51579481909240e-05	0.144266459700611	4114.63012072572
860	0.261342994238302	2.53691611235177e-05	0.146538099092594	4144.83920308105
870	0.258338711212794	2.55793781068037e-05	0.148811259911191	4174.76907671750
880	0.255402747737164	2.57886143110707e-05	0.151085668030959	4204.41950738317
890	0.252532798361812	2.59968845150051e-05	0.153361056725397	4233.79039583570
900	0.249726660269990	2.62042031199024e-05	0.155637166586450	4262.88177258550
910	0.246982227626218	2.64105841632163e-05	0.157913745446574	4291.69379294618
920	0.244297486294290	2.66160413314821e-05	0.160190548302299	4320.22673234247
930	0.241670508896982	2.68205879726507e-05	0.162467337238397	4348.48098183432
940	0.239099450191920	2.70242371078643e-05	0.164743881351935	4376.45704382283
950	0.236582542740249	2.72270014427070e-05	0.167019956675593	4404.15552791015
960	0.234118092846670	2.74288933779563e-05	0.169295346099798	4431.57714689050
970	0.231704476751224	2.76299250198646e-05	0.171569839293288	4458.72271285377
980	0.229340137054766	2.78301081899943e-05	0.173843232621825	4485.59313338721
990	0.227023579361584	2.80294544346317e-05	0.176115329064866	4512.18940786342
1000	0.224753369123891	2.82279750337990e-05	0.178385938130061	4538.51262380567
1010	0.222528128674188	2.84256810098891e-05	0.180654875765488	4564.56395332380
1020	0.220346534432557	2.86225831359391e-05	0.182921964269616	4590.34464961547
1030	0.218207314276965	2.88186919435624e-05	0.185187032199021	4615.85604352913
1040	0.216109245065587	2.90140177305571e-05	0.187449914273885	4641.09954018635
1050	0.214051150300976	2.92085705682051e-05	0.189710451281374	4666.07661566171
1060	0.212031897926715	2.94023603082796e-05	0.191968489977000	4690.78881371970
1070	0.210050398247829	2.95953965897726e-05	0.194223882984076	4715.23774260820
1080	0.208105601966950	2.97876888453581e-05	0.196476488691432	4739.42507190883
1090	0.206196498328766	2.99792463076026e-05	0.198726171149495	4763.35252944459
1100	0.204322113365855	3.01700780149357e-05	0.200972799964943	4787.02189824559
1110	0.202481508239494	3.03601928173908e-05	0.203216250194034	4810.43501357377
1120	0.200673777669502	3.05495993821285e-05	0.205456402234852	4833.59376000739
1130	0.198898048447579	3.07383061987511e-05	0.207693141718540	4856.50006858652
1140	0.197153478029016	3.09263215844186e-05	0.209926359399784	4879.15591402021
1150	0.195439253197988	3.11136536887758e-05	0.212155951046631	4901.56331195661
1160	0.193754588801985	3.13003104986975e-05	0.214381817329865	4923.72431631643
1170	0.192098726551240	3.14862998428612e-05	0.216603863712043	4945.64101669102
1180	0.190470933879281	3.16716293961551e-05	0.218822000336378	4967.31553580527
1190	0.188870502861023	3.18563066839271e-05	0.221036141915624	4988.75002704617
1200	0.187296749185016	3.20403390860839e-05	0.223246207621054	5009.94667205727
1210	0.185749011176729	3.22237338410450e-05	0.225452120971719	5030.90767839950
1220	0.184226648869930	3.24064980495585e-05	0.227653809724108	5051.63527727839
1230	0.182729043123416	3.25886386783849e-05	0.229851205762291	5072.13172133784
1240	0.181255594780542	3.27701625638535e-05	0.232044244988711	5092.39928252032
1250	0.179805723869128	3.29510764152981e-05	0.234232867215709	5112.44024999341
1260	0.178378868839521	3.31313868183757e-05	0.236417016057885	5132.25692814228
