function [rho_nitrogen, mu_nitrogen, k_nitrogen, C_nitrogen] = nitrogen(T_nitrogen)
%CoolProp nitrogen properties at 1.15 bara

properties = [...
290	1.35420008683359	1.74280985068656e-05	0.0252483840417836	1041.60484494110
300	1.30892474564741	1.78920621825205e-05	0.0259736355232167	1041.60197265813
310	1.26658752434793	1.83495276169514e-05	0.0266905045984634	1041.65349118081
320	1.22691055700808	1.88007317611545e-05	0.0273992893187963	1041.76222989112
330	1.18965005214842	1.92458999792741e-05	0.0281002744949684	1041.93141338841
340	1.15459120870330	1.96852466826597e-05	0.0287937322353828	1042.16447025178
350	1.12154401873806	2.01189759401742e-05	0.0294799225003522	1042.46486946093
360	1.09033978100245	2.05472820613136e-05	0.0301590936595857	1042.83598262461
370	1.06082818831501	2.09703501503163e-05	0.0308314830437828	1043.28097042455
380	1.03287488123140	2.13883566305662e-05	0.0314973174839712	1043.80269168061
390	1.00635938294799	2.18014697393748e-05	0.0321568138342633	1044.40363332550
400	0.981173347715847	2.22098499937593e-05	0.0328101794752117	1045.08585943536
410	0.957219068482776	2.26136506281830e-05	0.0334576127960471	1045.85097734518
420	0.934408199987214	2.30130180054483e-05	0.0340993036548984	1046.70011880983
430	0.912660661795532	2.34080920020574e-05	0.0347354338166829	1047.63393415932
440	0.891903692321806	2.37990063694244e-05	0.0353661773687830	1048.65259743998
450	0.872071030086500	2.41858890723348e-05	0.0359917011149245	1049.75582062162
460	0.853102202651689	2.45688626060355e-05	0.0366121649478881	1050.94287507624
470	0.834941907039678	2.49480442933007e-05	0.0372277222018179	1052.21261868485
480	0.817539468170905	2.53235465627675e-05	0.0378385199849873	1053.56352709562
490	0.800848364078511	2.56954772097746e-05	0.0384446994939285	1054.99372783079
500	0.784825808473795	2.60639396408711e-05	0.0390463963098558	1056.50103611380
510	0.769432382729350	2.64290331030982e-05	0.0396437406783152	1058.08299145695
520	0.754631710578176	2.67908528990733e-05	0.0402368577729784	1059.73689420947
530	0.740390169847291	2.71494905888464e-05	0.0408258679444762	1061.45984141292
540	0.726676636392918	2.75050341794276e-05	0.0414108869551360	1063.24876144465
550	0.713462256112723	2.78575683028279e-05	0.0419920262004519	1065.10044704887
560	0.700720241504170	2.82071743833943e-05	0.0425693929180771	1067.01158645920
570	0.688425689737088	2.85539307951671e-05	0.0431430903850906	1068.97879240659
580	0.676555419629567	2.88979130099321e-05	0.0437132181042468	1070.99862888316
590	0.665087825272569	2.92391937365969e-05	0.0442798719798795	1073.06763559631
600	0.654002744351121	2.95778430524698e-05	0.0448431444840915	1075.18235010019
610	0.643281339467443	2.99139285269829e-05	0.0454031248138227	1077.33932763413
620	0.632905990991295	3.02475153383581e-05	0.0459598990393553	1079.53515873099
630	0.622860200151060	3.05786663836804e-05	0.0465135502447772	1081.76648468403
640	0.613128501240748	3.09074423828088e-05	0.0470641586608941	1084.03001097982
650	0.603696381957219	3.12339019765254e-05	0.0476118017910490	1086.32251881817
660	0.594550211001953	3.15581018192910e-05	0.0481565545302777	1088.64087484801
670	0.585677172185568	3.18800966669547e-05	0.0486984892782020	1090.98203925339
680	0.577065204363258	3.21999394597340e-05	0.0492376760460362	1093.34307232435
690	0.568702946607578	3.25176814007648e-05	0.0497741825580583	1095.72113964690
700	0.560579688093099	3.28333720304963e-05	0.0503080743478744	1098.11351604263
710	0.552685322226897	3.31470592971880e-05	0.0508394148497823	1100.51758838395
720	0.545010304610814	3.34587896237480e-05	0.0513682654855242	1102.93085740524
730	0.537545614466986	3.37686079711334e-05	0.0518946857466947	1105.35093862324
740	0.530282719198077	3.40765578985229e-05	0.0524187332730568	1107.77556247325
750	0.523213541788860	3.43826816204516e-05	0.0529404639270014	1110.20257376003
760	0.516330430786745	3.46870200610893e-05	0.0534599318643698	1112.62993051500
770	0.509626132626194	3.49896129058306e-05	0.0539771896018469	1115.05570234374
780	0.503093766086169	3.52904986503525e-05	0.0544922880811160	1117.47806834059
790	0.496726798691153	3.55897146472856e-05	0.0550052767299586	1119.89531464024
800	0.490519024885293	3.58872971506366e-05	0.0555162035204676	1122.30583166924
810	0.484464545826088	3.61832813580888e-05	0.0560251150245331	1124.70811115424
820	0.478557750659082	3.64777014513005e-05	0.0565320564667500	1127.10074293759
830	0.472793299148383	3.67705906343132e-05	0.0570370717748876	1129.48241164564
840	0.467166105549811	3.70619811701732e-05	0.0575402036280528	1131.85189324952
850	0.461671323624132	3.73519044158663e-05	0.0580414935026695	1134.20805155382
860	0.456304332697416	3.76403908556555e-05	0.0585409817163907	1136.54983464385
870	0.451060724684101	3.79274701329103e-05	0.0590387074700531	1138.87627131844
880	0.445936291996068	3.82131710805050e-05	0.0595347088877738	1141.18646753142
890	0.440927016267898	3.84975217498654e-05	0.0600290230552897	1143.47960286167
900	0.436029057834756	3.87805494387331e-05	0.0605216860566258	1145.75492702881
910	0.431238745904886	3.90622807177137e-05	0.0610127330091813	1148.01175646862
920	0.426552569373801	3.93427414556746e-05	0.0615021980973119	1150.24947098016
930	0.421967168231791	3.96219568440482e-05	0.0619901146044846	1152.46751045442
940	0.417479325520508	3.98999514200988e-05	0.0624765149440761	1154.66537169217
950	0.413085959798098	4.01767490892039e-05	0.0629614306888829	1156.84260531737
960	0.408784118075764	4.04523731462010e-05	0.0634448925994059	1158.99881279082
970	0.404570969191685	4.07268462958439e-05	0.0639269306509688	1161.13364352740
980	0.400443797591009	4.10001906724155e-05	0.0644075740597290	1163.24679211933
990	0.396399997483186	4.12724278585353e-05	0.0648868513076316	1165.33799566661
1000	0.392437067350173	4.15435789032038e-05	0.0653647901663597	1167.40703121538
1010	0.388552604781187	4.18136643391174e-05	0.0658414177203261	1169.45371330365
1020	0.384744301611550	4.20827041992912e-05	0.0663167603887546	1171.47789161383
1030	0.381009939344956	4.23507180330221e-05	0.0667908439468900	1173.47944873049
1040	0.377347384840050	4.26177249212212e-05	0.0672636935463804	1175.45829800169
1050	0.373754586243678	4.28837434911486e-05	0.0677353337348679	1177.41438150153
1060	0.370229569154514	4.31487919305742e-05	0.0682057884748256	1179.34766809173
1070	0.366770433001969	4.34128880013954e-05	0.0686750811616729	1181.25815157928
1080	0.363375347626414	4.36760490527316e-05	0.0691432346412046	1183.14584896743
1090	0.360042550047785	4.39382920335242e-05	0.0696102712263619	1185.01079879702
1100	0.356770341410555	4.41996335046603e-05	0.0700762127133767	1186.85305957493
1110	0.353557084093968	4.44600896506439e-05	0.0705410803973150	1188.67270828665
1120	0.350401198977161	4.47196762908335e-05	0.0710048950870473	1190.46983898952
1130	0.347301162849608	4.49784088902657e-05	0.0714676771196710	1192.24456148370
1140	0.344255505957929	4.52363025700832e-05	0.0719294463744066	1193.99700005742
1150	0.341262809680768	4.54933721175829e-05	0.0723902222859928	1195.72729230349
1160	0.338321704324006	4.57496319959028e-05	0.0728500238576005	1197.43558800381
1170	0.335430867029098	4.60050963533610e-05	0.0733088696732867	1199.12204807895
1180	0.332589019787830	4.62597790324632e-05	0.0737667779100065	1200.78684359963
1190	0.329794927557214	4.65136935785914e-05	0.0742237663492042	1202.43015485728
1200	0.327047396468695	4.67668532483887e-05	0.0746798523879982	1204.05217049077
1210	0.324345272126193	4.70192710178507e-05	0.0751350530499778	1205.65308666656
1220	0.321687437987895	4.72709595901385e-05	0.0755893849956290	1207.23310630956
1230	0.319072813827017	4.75219314031216e-05	0.0760428645324014	1208.79243838220
1240	0.316500354267073	4.77721986366647e-05	0.0764955076244342	1210.33129720913
1250	0.313969047387492	4.80217732196663e-05	0.0769473299019524	1211.84990184518
