function [H_nitrogen, mu_nitrogen, k_nitrogen, C_nitrogen] = nitrogen(T_nitrogen)
%CoolProp nitrogen properties at 2.5 bara

properties = [...
280	289978.109578620	1.69769936874253e-05	0.0245632797195665	1044.27275135280
290	300419.432779633	1.74468178232609e-05	0.0252954488141724	1044.00489498475
300	310858.463345722	1.79099632053418e-05	0.0260190492980728	1043.81385541694
310	321295.960979079	1.83666716221966e-05	0.0267343800154123	1043.69818530485
320	331732.677601019	1.88171736336706e-05	0.0274417277989321	1043.65771020385
330	342169.368233139	1.92616890575526e-05	0.0281413676917481	1043.69317053534
340	352606.798620779	1.97004274695738e-05	0.0288335632569452	1043.80592590773
350	363045.750164279	2.01335887043163e-05	0.0295185669453939	1043.99771083314
360	373487.022630803	2.05613633484630e-05	0.0301966205000891	1044.27043400695
370	383931.435051509	2.09839332206207e-05	0.0308679553811195	1044.62601522322
380	394379.825155819	2.14014718339613e-05	0.0315327931996702	1045.06625515351
390	404833.047650642	2.18141448393761e-05	0.0321913461526544	1045.59273392315
400	415291.971614135	2.22221104478738e-05	0.0328438174519440	1046.20673486936
410	425757.477239086	2.26255198316975e-05	0.0334904017439474	1046.90919017974
420	436230.452129269	2.30245175041552e-05	0.0341312855166084	1047.70064535799
430	446711.787322713	2.34192416785235e-05	0.0347666474918893	1048.58123968734
440	457202.373188624	2.38098246066310e-05	0.0353966590025444	1049.55070008037
450	467703.095319681	2.41963928978895e-05	0.0360214843525351	1050.60834592595
460	478214.830518680	2.45790678196433e-05	0.0366412811608445	1051.75310276980
470	488738.442958004	2.49579655797570e-05	0.0372562006887473	1052.98352289424
480	499274.780572165	2.53331975923904e-05	0.0378663881508018	1054.29781108862
490	509824.671727718	2.57048707279036e-05	0.0384719830099846	1055.69385412293
500	520388.922201025	2.60730875478218e-05	0.0390731192574919	1057.16925264706
510	530968.312482558	2.64379465257579e-05	0.0396699256777999	1058.72135443602
520	541563.595416570	2.67995422551603e-05	0.0402625260996175	1060.34728808314
530	552175.494176824	2.71579656447078e-05	0.0408510396333866	1062.04399640859
540	562804.700572492	2.75133041021358e-05	0.0414355808959913	1063.80826899859
550	573451.873673153	2.78656417072326e-05	0.0420162602233316	1065.63677342113
560	584117.638737869	2.82150593746999e-05	0.0425931838714065	1067.52608477750
570	594802.586430411	2.85616350075331e-05	0.0431664542065303	1069.47271334674
580	605507.272300689	2.89054436415314e-05	0.0437361698852858	1071.47313016277
590	616232.216511217	2.92465575815111e-05	0.0443024260247920	1073.52379043272
600	626977.903786798	2.95850465297554e-05	0.0448653143638386	1075.62115476221
610	637744.783565529	2.99209777072027e-05	0.0454249234154112	1077.76170819877
620	648533.270329522	3.02544159678354e-05	0.0459813386111061	1079.94197714118
630	659343.744094341	3.05854239067051e-05	0.0465346424379038	1082.15854419015
640	670176.551037059	3.09140619619988e-05	0.0470849145677476	1084.40806103709
650	681032.004243851	3.12403885115207e-05	0.0476322319803445	1086.68725950214
660	691910.384559207	3.15644599639428e-05	0.0481766690795852	1088.99296084271
670	702811.941520121	3.18863308451492e-05	0.0487182978039524	1091.32208345948
680	713736.894359860	3.22060538799791e-05	0.0492571877312675	1093.67164912897
690	724685.433067226	3.25236800696535e-05	0.0497934061781032	1096.03878789154
700	735657.719488511	3.28392587651467e-05	0.0503270182941703	1098.42074172102
710	746653.888460561	3.31528377367526e-05	0.0508580871519671	1100.81486709834
720	757674.048964587	3.34644632400725e-05	0.0513866738319619	1103.21863660574
730	768718.285291488	3.37741800786402e-05	0.0519128375035653	1105.62963965236
740	779786.658210516	3.40820316633843e-05	0.0524366355021277	1108.04558243508
750	790879.206134140	3.43880600691129e-05	0.0529581234021896	1110.46428723135
760	801995.946272867	3.46923060881960e-05	0.0534773550871915	1112.88369111366
770	813136.875774670	3.49948092816089e-05	0.0539943828158428	1115.30184416802
780	824301.972844427	3.52956080274860e-05	0.0545092572853342	1117.71690729182
790	835491.197839537	3.55947395673305e-05	0.0550220276915668	1120.12714963943
800	846704.494338478	3.58922400500101e-05	0.0555327417865615	1122.53094577759
810	857941.790179714	3.61881445736652e-05	0.0560414459332023	1124.92677260623
820	869202.998468837	3.64824872256444e-05	0.0565481851574562	1127.31320609454
830	880488.018552343	3.67753011205773e-05	0.0570530031982063	1129.68891787672
840	891796.736956820	3.70666184366874e-05	0.0575559425548242	1132.05267174661
850	903129.028292731	3.73564704504390e-05	0.0580570445326015	1134.40332008596
860	914484.756122269	3.76448875696098e-05	0.0585563492861533	1136.73980025633
870	925863.773791067	3.79318993648730e-05	0.0590538958608988	1139.06113098136
880	937265.925223773	3.82175345999681e-05	0.0595497222327183	1141.36640874177
890	948691.045683722	3.85018212605339e-05	0.0600438653458817	1143.65480420295
900	960138.962497123	3.87847865816754e-05	0.0605363611493348	1145.92555869139
910	971609.495742308	3.90664570743289e-05	0.0610272446314288	1148.17798073428
920	983102.458904741	3.93468585504873e-05	0.0615165498531691	1150.41144267347
930	994617.659498582	3.96260161473448e-05	0.0620043099800589	1152.62537736360
940	1006154.89965569	3.99039543504139e-05	0.0624905573126071	1154.81927496192
950	1017713.97668299	4.01806970156686e-05	0.0629753233155653	1156.99267981568
960	1029294.68358925	4.04562673907603e-05	0.0634586386459578	1159.14518745180
970	1040896.80958225	4.07306881353535e-05	0.0639405331799609	1161.27644167199
980	1052520.14053748	4.10039813406245e-05	0.0644210360386894	1163.38613175544
990	1064164.45943933	4.12761685479628e-05	0.0649001756129405	1165.47398977029
1000	1075829.54679606	4.15472707669156e-05	0.0653779795869460	1167.53978799437
1010	1087515.18102938	4.18173084924094e-05	0.0658544749611796	1169.58333644456
1020	1099221.13884000	4.20863017212854e-05	0.0663296880742617	1171.60448051417
1030	1110947.19555000	4.23542699681797e-05	0.0668036446240070	1173.60309871661
1040	1122693.12542317	4.26212322807793e-05	0.0672763696876510	1175.57910053354
1050	1134458.70196439	4.28872072544830e-05	0.0677478877412955	1177.53242436533
1060	1146243.69819897	4.31522130464956e-05	0.0682182226786081	1179.46303558116
1070	1158047.88693298	4.34162673893794e-05	0.0686873978288081	1181.37092466617
1080	1169871.04099558	4.36793876040899e-05	0.0691554359739734	1183.25610546250
1090	1181712.93346414	4.39415906125176e-05	0.0696223593656958	1185.11861350146
1100	1193573.33787316	4.42028929495586e-05	0.0700881897411168	1186.95850442336
1110	1205452.02840782	4.44633107747346e-05	0.0705529483383675	1188.77585248198
1120	1217348.78008300	4.47228598833832e-05	0.0710166559114420	1190.57074913040
1130	1229263.36890849	4.49815557174360e-05	0.0714793327445267	1192.34330168482
1140	1241195.57204129	4.52394133758040e-05	0.0719409986658105	1194.09363206329
1150	1253145.16792557	4.54964476243854e-05	0.0724016730607961	1195.82187559601
1160	1265111.93642121	4.57526729057142e-05	0.0728613748851363	1197.52817990410
1170	1277095.65892129	4.60081033482637e-05	0.0733201226770130	1199.21270384370
1180	1289096.11845948	4.62627527754189e-05	0.0737779345690798	1200.87561651238
1190	1301113.09980772	4.65166347141340e-05	0.0742348282999849	1202.51709631494
1200	1313146.38956483	4.67697624032853e-05	0.0746908212254934	1204.13733008561
1210	1325195.77623670	4.70221488017349e-05	0.0751459303292238	1205.73651226397
1220	1337261.05030836	4.72738065961151e-05	0.0756001722330158	1207.31484412193
1230	1349342.00430873	4.75247482083458e-05	0.0760535632069438	1208.87253303891
1240	1361438.43286817	4.77749858028961e-05	0.0765061191789900	1210.40979182316
1250	1373550.13276962	4.80245312937997e-05	0.0769578557443921	1211.92683807632
1260	1385676.90299352	4.82733963514344e-05	0.0774087881746769	1213.42389359930
