function [H_H2O, mu_H2O, k_H2O, C_H2O] = water(T_H2O)
%CoolProp water properties at 2.5 bara as function of T

properties = [...
280	29045.5260321459	0.00143338572404923	0.572084447621647	4200.31723007027
290	70968.2729965778	0.00108390436661295	0.592390193953884	4186.09828448676
300	112794.830650776	0.000853728759770380	0.609585109149992	4180.20637916580
310	154587.343957420	0.000693342761204669	0.624351220919589	4178.85689249746
320	196380.762558832	0.000576754000508064	0.637075444256331	4180.17793228371
330	238196.882546091	0.000489182618599144	0.647990580952789	4183.31101486731
340	280052.004394582	0.000421672385252280	0.657247914113780	4187.96033093796
350	321961.158659765	0.000368510342170173	0.664955415295265	4194.13542992752
360	363940.342154498	0.000325896822155687	0.671197887992094	4202.00152649762
370	406007.614344690	0.000291216273240493	0.676047386830192	4211.79607766270
380	448183.582623088	0.000262615962971484	0.679568358356132	4223.78669106655
390	490491.603748041	0.000238751420961372	0.681819939215270	4238.25433583431
400	532957.899730463	0.000218626615022319	0.682856763980849	4255.49171569349
410	2736833.87616920	1.35638748547378e-05	0.0283003669320106	2164.88799693775
420	2758262.19133182	1.39708424761891e-05	0.0291524775369428	2123.57459449840
430	2779346.01742898	1.43787181461851e-05	0.0300161813032622	2094.72311991465
440	2800181.56381673	1.47875067461025e-05	0.0308922216194202	2073.41885480237
450	2820832.10552719	1.51971882216922e-05	0.0317811024555142	2057.45433961647
460	2841344.07210037	1.56077258091070e-05	0.0326831326079883	2045.52894757688
470	2861753.15280980	1.60190712211897e-05	0.0335984688704482	2036.75167901439
480	2882087.40425178	1.64311682627864e-05	0.0345271514173960	2030.46916899189
490	2902369.19182708	1.68439554551147e-05	0.0354691316990755	2026.18708867334
500	2922616.53660083	1.72573679768388e-05	0.0364242942071595	2023.52495242581
510	2942844.09592996	1.76713391144055e-05	0.0373924734097931	2022.18642102180
520	2963063.89499438	1.80858013518445e-05	0.0383734669171482	2021.93847404418
530	2983285.88065512	1.85006871915426e-05	0.0393670457118856	2022.59632640819
540	3003518.34543157	1.89159297718478e-05	0.0403729620935120	2024.01230355828
550	3023768.25507972	1.93314633297373e-05	0.0413909558400629	2026.06753190764
560	3044041.50380480	1.97472235443844e-05	0.0424207589777190	2028.66566830555
570	3064343.11462701	2.01631477885830e-05	0.0434620994618322	2031.72812548668
580	3084677.39781804	2.05791753085272e-05	0.0445147040055764	2035.19040639755
590	3105048.07702471	2.09952473476826e-05	0.0455783002404786	2038.99926779273
600	3125458.39029993	2.14113072269271e-05	0.0466526183528541	2043.11050913298
610	3145911.17150573	2.18273003904605e-05	0.0477373923089769	2047.48723671058
620	3166408.91625677	2.22431744249326e-05	0.0488323607575542	2052.09849167232
630	3186953.83560720	2.26588790576676e-05	0.0499372676791699	2056.91815870935
640	3207547.89995963	2.30743661386454e-05	0.0510518628375869	2061.92409273261
650	3228192.87512753	2.34895896099432e-05	0.0521759020762290	2067.09741599642
660	3248890.35206592	2.39045054655982e-05	0.0533091474940724	2072.42194937261
670	3269641.77146648	2.43190717042535e-05	0.0544513675280283	2077.88374987575
680	3290448.44416703	2.47332482764854e-05	0.0556023369632537	2083.47073285658
690	3311311.56813459	2.51469970283294e-05	0.0567618368883672	2089.17236206081
700	3332232.24263223	2.55602816422249e-05	0.0579296546090150	2094.97939439139
710	3353211.48006291	2.59730675763522e-05	0.0591055835304269	2100.88366900177
720	3374250.21589084	2.63853220031448e-05	0.0602894230173753	2106.87793249693
730	3395349.31696751	2.67970137475949e-05	0.0614809782381759	2112.95569368562
740	3416509.58853057	2.72081132258494e-05	0.0626800599979554	2119.11110262576
750	3437731.78009672	2.76185923844809e-05	0.0638864845652867	2125.33884972392
760	3459016.59043112	2.80284246407402e-05	0.0651000734953889	2131.63408145214
770	3480364.67174527	2.84375848240229e-05	0.0663206534523762	2137.99232988233
780	3501776.63324950	2.88460491187283e-05	0.0675480560324627	2144.40945374547
790	3523253.04416577	2.92537950086424e-05	0.0687821175895753	2150.88158912944
800	3544794.43628890	2.96608012229385e-05	0.0700226790644621	2157.40510825684
810	3566401.30617063	3.00670476838603e-05	0.0712695858180937	2163.97658504939
820	3588074.11698858	3.04725154561252e-05	0.0725226874699233	2170.59276640120
830	3609813.30015270	3.08771866980675e-05	0.0737818377413900	2177.25054825992
840	3631619.25669343	3.12810446145241e-05	0.0750468943049060	2183.94695575989
850	3653492.35846862	3.16840734114525e-05	0.0763177186384509	2190.67912677105
860	3675432.94922091	3.20862582522613e-05	0.0775941758858115	2197.44429832715
870	3697441.34551174	3.24875852158233e-05	0.0788761347224292	2204.23979547910
880	3719517.83755442	3.28880412561382e-05	0.0801634672267612	2211.06302218903
890	3741662.68996504	3.32876141636044e-05	0.0814560487570111	2217.91145393847
900	3763876.14244673	3.36862925278561e-05	0.0827537578330285	2224.78263177315
910	3786158.41042065	3.40840657021216e-05	0.0840564760231075	2231.67415754827
920	3808509.68561453	3.44809237690533e-05	0.0853640878352772	2238.58369017339
930	3830930.13661798	3.48768575079827e-05	0.0866764806123484	2245.50894268562
940	3853419.90941203	3.52718583635490e-05	0.0879935444289987	2252.44768000555
950	3875979.12787908	3.56659184156549e-05	0.0893151719853656	2259.39771725184
960	3898607.89429843	3.60590303506974e-05	0.0906412584694246	2266.35691850918
970	3921306.28983130	3.64511874340279e-05	0.0919717008893338	2273.32319596011
980	3944074.37499870	3.68423834835927e-05	0.0933064019921372	2280.29450930489
990	3966912.19015470	3.72326128447063e-05	0.0946452633277286	2287.26886540543
1000	3989819.75595691	3.76218703659148e-05	0.0959881889057163	2294.24431809931
1010	4012797.07383595	3.80101513759016e-05	0.0973350856020716	2301.21896813856
1020	4035844.12646459	3.83974516613953e-05	0.0986858623883895	2308.19096321545
1030	4058960.87822753	3.87837674460358e-05	0.100040430266274	2315.15849804373
1040	4082147.27569220	3.91690953701600e-05	0.101398702204522	2322.11981446959
1050	4105403.24808064	3.95534324714669e-05	0.102760593078976	2329.07320159097
1060	4128728.70774260	3.99367761665261e-05	0.104126019614889	2336.01699586811
1070	4152123.55062962	4.03191242330913e-05	0.105494900331698	2342.94958121176
1080	4175587.65676983	4.07004747931861e-05	0.106867155490071	2349.86938903811
1090	4199120.89074316	4.10808262969284e-05	0.108242707041115	2356.77489828243
1100	4222723.10215634	4.14601775070596e-05	0.109621478577633	2363.66463536511
1110	4246394.12611741	4.18385274841503e-05	0.111003395287338	2370.53717410606
1120	4270133.78370902	4.22158755724515e-05	0.112388383907914	2377.39113558444
1130	4293941.88246016	4.25922213863634e-05	0.113776372683836	2384.22518794244
1140	4317818.21681548	4.29675647974941e-05	0.115167291324866	2391.03804613250
1150	4341762.56860197	4.33419059222844e-05	0.116561070966137	2397.82847160856
1160	4365774.70749216	4.37152451101707e-05	0.117957644129750	2404.59527196225
1170	4389854.39146348	4.40875829322653e-05	0.119356944687813	2411.33730050596
1180	4414001.36725316	4.44589201705294e-05	0.120758907826840	2418.05345580483
1190	4438215.37080819	4.48292578074184e-05	0.122163470013471	2424.74268116013
1200	4462496.12772996	4.51985970159772e-05	0.123570568961412	2431.40396404691
1210	4486843.35371294	4.55669391503680e-05	0.124980143599581	2438.03633550880
1220	4511256.75497725	4.59342857368089e-05	0.126392134041364	2444.63886951318
1230	4535736.02869443	4.63006384649081e-05	0.127806481554957	2451.21068226964
1240	4560280.86340641	4.66659991793733e-05	0.129223128534730	2457.75093151523
1250	4584890.93943699	4.70303698720830e-05	0.130642018473575	2464.25881576953
1260	4609565.92929590	4.73937526745008e-05	0.132063095936184	2470.73357356262
